##FastQC	0.10.1
>>Basic Statistics	pass
#Measure	Value	
Filename	Trimmed_Partial_SRR2467147.fastq	
File type	Conventional base calls	
Encoding	Sanger / Illumina 1.9	
Total Sequences	5000	
Filtered Sequences	0	
Sequence length	57	
%GC	41	
>>END_MODULE
>>Per base sequence quality	pass
#Base	Mean	Median	Lower Quartile	Upper Quartile	10th Percentile	90th Percentile
1	39.1496	40.0	38.0	41.0	36.0	41.0
2	39.0984	40.0	39.0	41.0	36.0	41.0
3	39.1598	41.0	39.0	41.0	36.0	41.0
4	39.0722	40.0	38.0	41.0	36.0	41.0
5	38.7818	40.0	38.0	41.0	34.0	41.0
6	39.2938	41.0	39.0	41.0	36.0	41.0
7	39.3314	41.0	39.0	41.0	36.0	41.0
8	39.0084	41.0	39.0	41.0	35.0	41.0
9	39.2846	41.0	39.0	41.0	36.0	41.0
10	39.3678	41.0	39.0	41.0	36.0	41.0
11	39.3642	41.0	39.0	41.0	36.0	41.0
12	39.2172	41.0	39.0	41.0	36.0	41.0
13	39.0982	40.0	39.0	41.0	36.0	41.0
14	38.7656	40.0	38.0	41.0	34.0	41.0
15	38.3356	40.0	38.0	41.0	34.0	41.0
16	38.6912	40.0	38.0	41.0	34.0	41.0
17	39.019	40.0	39.0	41.0	35.0	41.0
18	38.7672	40.0	38.0	41.0	35.0	41.0
19	38.597	40.0	38.0	41.0	34.0	41.0
20	38.8342	40.0	38.0	41.0	35.0	41.0
21	38.9826	40.0	39.0	41.0	35.0	41.0
22	38.7488	40.0	38.0	41.0	35.0	41.0
23	38.75	40.0	38.0	41.0	35.0	41.0
24	38.6528	40.0	38.0	41.0	35.0	41.0
25	38.7256	40.0	38.0	41.0	34.0	41.0
26	38.7114	40.0	38.0	41.0	35.0	41.0
27	38.3114	40.0	38.0	41.0	33.0	41.0
28	38.6164	40.0	38.0	41.0	34.0	41.0
29	38.4274	40.0	38.0	41.0	34.0	41.0
30	37.9154	40.0	38.0	41.0	33.0	41.0
31	38.4056	40.0	38.0	41.0	33.0	41.0
32	38.2958	40.0	38.0	41.0	33.0	41.0
33	38.6026	40.0	38.0	41.0	35.0	41.0
34	38.6064	40.0	38.0	41.0	34.0	41.0
35	38.63	40.0	38.0	41.0	34.0	41.0
36	38.6076	40.0	38.0	41.0	34.0	41.0
37	38.4352	40.0	38.0	41.0	34.0	41.0
38	38.399	40.0	38.0	41.0	34.0	41.0
39	38.4638	40.0	38.0	41.0	34.0	41.0
40	38.4318	40.0	38.0	41.0	34.0	41.0
41	38.051	40.0	38.0	41.0	33.0	41.0
42	37.5876	40.0	37.0	41.0	31.0	41.0
43	37.8326	40.0	37.0	41.0	33.0	41.0
44	37.857	40.0	37.0	41.0	33.0	41.0
45	37.7968	40.0	37.0	41.0	33.0	41.0
46	37.7804	40.0	37.0	41.0	33.0	41.0
47	37.6764	39.0	37.0	41.0	33.0	41.0
48	37.5728	39.0	36.0	41.0	33.0	41.0
49	37.4252	39.0	36.0	41.0	33.0	41.0
50	37.0644	39.0	36.0	41.0	32.0	41.0
51	36.9016	39.0	36.0	41.0	31.0	41.0
52	36.5162	38.0	35.0	40.0	31.0	41.0
53	36.5126	38.0	35.0	40.0	31.0	41.0
54	36.053	38.0	35.0	40.0	30.0	41.0
55	35.9408	37.0	35.0	40.0	30.0	41.0
56	35.5618	37.0	35.0	39.0	30.0	41.0
57	35.6698	37.0	35.0	39.0	30.0	41.0
>>END_MODULE
>>Per sequence quality scores	pass
#Quality	Count
7	1.0
8	1.0
9	1.0
10	0.0
11	1.0
12	0.0
13	3.0
14	2.0
15	1.0
16	2.0
17	0.0
18	1.0
19	2.0
20	1.0
21	1.0
22	6.0
23	8.0
24	8.0
25	13.0
26	12.0
27	31.0
28	29.0
29	46.0
30	51.0
31	68.0
32	90.0
33	107.0
34	149.0
35	192.0
36	251.0
37	363.0
38	585.0
39	1111.0
40	1863.0
>>END_MODULE
>>Per base sequence content	warn
#Base	G	A	T	C
1	20.04	27.800000000000004	32.879999999999995	19.28
2	19.84	28.360000000000003	30.28	21.52
3	20.24	28.58	31.36	19.82
4	20.74	27.04	31.6	20.62
5	20.119999999999997	27.32	30.880000000000003	21.68
6	20.86	27.68	30.240000000000002	21.22
7	20.94	27.839999999999996	31.419999999999998	19.8
8	19.24	29.360000000000003	30.98	20.419999999999998
9	19.68	28.64	30.459999999999997	21.22
10	20.14	29.099999999999998	30.78	19.98
11	19.483896779355874	27.805561112222442	31.626325265053012	21.084216843368676
12	20.32	28.62	30.959999999999997	20.1
13	21.02	28.32	30.42	20.24
14	19.580000000000002	27.560000000000002	31.14	21.72
15	19.42	28.18	31.180000000000003	21.22
16	20.8	27.72	31.04	20.44
17	20.3	27.26	30.34	22.1
18	20.3	28.32	30.54	20.84
19	20.9	28.34	31.04	19.72
20	19.759999999999998	27.339999999999996	31.0	21.9
21	19.36	28.18	30.86	21.6
22	20.70414082816563	28.64572914582917	30.406081216243248	20.244048809761953
23	20.0	27.68	30.740000000000002	21.58
24	20.580000000000002	28.360000000000003	30.12	20.94
25	20.82	28.720000000000002	30.520000000000003	19.939999999999998
26	19.7	27.48	31.259999999999998	21.560000000000002
27	20.599999999999998	28.860000000000003	29.360000000000003	21.18
28	20.82	28.1	30.620000000000005	20.46
29	19.78	27.66	31.019999999999996	21.54
30	21.099999999999998	27.500000000000004	30.54	20.86
31	21.64	27.62	30.44	20.3
32	18.62	28.46	32.22	20.7
33	20.30812324929972	28.79151660664266	30.312124849939977	20.588235294117645
34	20.32	28.64	30.48	20.560000000000002
35	19.68	28.16	31.380000000000003	20.78
36	21.44	27.02	30.620000000000005	20.919999999999998
37	20.5	27.96	30.659999999999997	20.880000000000003
38	19.62	27.18	30.959999999999997	22.24
39	20.880000000000003	27.900000000000002	29.92	21.3
40	21.22	27.32	30.98	20.48
41	19.96	27.12	32.4	20.52
42	21.62	28.199999999999996	29.86	20.32
43	20.96	27.92	30.42	20.7
44	19.6	28.360000000000003	30.659999999999997	21.38
45	20.26	28.98	29.599999999999998	21.16
46	20.9	28.199999999999996	30.5	20.4
47	19.32386477295459	27.125425085017003	32.08641728345669	21.464292858571714
48	21.02	27.46	30.220000000000002	21.3
49	19.580000000000002	28.98	30.5	20.94
50	18.98	28.18	31.46	21.38
51	20.26	27.939999999999998	31.3	20.5
52	20.44	26.779999999999998	31.28	21.5
53	19.900000000000002	26.96	31.16	21.98
54	20.86	28.54	30.3	20.3
55	19.919999999999998	29.62	30.620000000000005	19.84
56	20.0	27.68	31.380000000000003	20.94
57	20.4	28.4	30.42	20.78
>>END_MODULE
>>Per base GC content	pass
#Base	%GC
1	39.32
2	41.36
3	40.06
4	41.36
5	41.8
6	42.08
7	40.739999999999995
8	39.660000000000004
9	40.9
10	40.12
11	40.568113622724546
12	40.42
13	41.260000000000005
14	41.3
15	40.64
16	41.24
17	42.4
18	41.14
19	40.62
20	41.660000000000004
21	40.96
22	40.948189637927584
23	41.58
24	41.52
25	40.760000000000005
26	41.260000000000005
27	41.78
28	41.28
29	41.32
30	41.959999999999994
31	41.94
32	39.32
33	40.896358543417364
34	40.88
35	40.46
36	42.36
37	41.38
38	41.86
39	42.18
40	41.699999999999996
41	40.48
42	41.94
43	41.660000000000004
44	40.98
45	41.42
46	41.3
47	40.7881576315263
48	42.32
49	40.52
50	40.36
51	40.760000000000005
52	41.94
53	41.88
54	41.160000000000004
55	39.76
56	40.94
57	41.18
>>END_MODULE
>>Per sequence GC content	warn
#GC Content	Count
0	0.0
1	0.0
2	0.0
3	0.0
4	0.0
5	0.0
6	0.0
7	0.0
8	0.0
9	0.0
10	0.0
11	1.5
12	3.0
13	3.0
14	3.0
15	4.0
16	5.0
17	5.0
18	8.0
19	11.0
20	9.0
21	7.0
22	15.0
23	23.0
24	32.0
25	44.0
26	47.0
27	70.5
28	94.0
29	111.5
30	129.0
31	156.0
32	221.0
33	259.0
34	271.0
35	283.0
36	340.0
37	397.0
38	409.5
39	465.0
40	508.0
41	507.5
42	507.0
43	526.5
44	546.0
45	495.0
46	396.0
47	348.0
48	306.5
49	265.0
50	226.0
51	187.0
52	155.0
53	123.0
54	99.5
55	56.0
56	36.0
57	31.0
58	26.0
59	19.5
60	13.0
61	9.5
62	4.5
63	3.0
64	1.5
65	0.0
66	0.0
67	0.0
68	0.0
69	0.0
70	0.0
71	0.0
72	0.0
73	0.0
74	0.0
75	0.0
76	0.0
77	0.0
78	0.0
79	0.0
80	0.0
81	0.0
82	0.0
83	0.0
84	0.0
85	0.0
86	0.0
87	0.0
88	0.0
89	0.0
90	0.0
91	0.0
92	0.0
93	0.0
94	0.0
95	0.0
96	0.0
97	0.0
98	0.0
99	0.0
100	0.0
>>END_MODULE
>>Per base N content	pass
#Base	N-Count
1	0.0
2	0.0
3	0.0
4	0.0
5	0.0
6	0.0
7	0.0
8	0.0
9	0.0
10	0.0
11	0.02
12	0.0
13	0.0
14	0.0
15	0.0
16	0.0
17	0.0
18	0.0
19	0.0
20	0.0
21	0.0
22	0.02
23	0.0
24	0.0
25	0.0
26	0.0
27	0.0
28	0.0
29	0.0
30	0.0
31	0.0
32	0.0
33	0.04
34	0.0
35	0.0
36	0.0
37	0.0
38	0.0
39	0.0
40	0.0
41	0.0
42	0.0
43	0.0
44	0.0
45	0.0
46	0.0
47	0.02
48	0.0
49	0.0
50	0.0
51	0.0
52	0.0
53	0.0
54	0.0
55	0.0
56	0.0
57	0.0
>>END_MODULE
>>Sequence Length Distribution	pass
#Length	Count
57	5000.0
>>END_MODULE
>>Sequence Duplication Levels	pass
#Total Duplicate Percentage	4.66
#Duplication Level	Relative count
1	100.0
2	2.181665617788966
3	0.14684287812041116
4	0.020977554017201593
5	0.0
6	0.0
7	0.0
8	0.0
9	0.0
10++	0.0
>>END_MODULE
>>Overrepresented sequences	pass
>>END_MODULE
>>Kmer Content	warn
#Sequence	Count	Obs/Exp Overall	Obs/Exp Max	Max Obs/Exp Position
GCAGC	510	3.7539074	9.751879	28
CACCA	740	3.7265677	9.340717	15
AGCAG	620	3.393072	10.150894	19
CAGCA	645	3.386094	8.346329	31
CTTGG	710	3.3704507	8.805065	17
CCTTG	695	3.1648452	8.44638	52
TTCTT	1455	3.047705	6.105307	7
GCACC	420	2.9655187	11.225547	42
TCTTC	955	2.8887577	8.015168	48
CTTCT	940	2.8433843	6.412134	49
TCTTG	895	2.8222327	5.8488803	16
CTTCA	860	2.7931354	7.7453485	49
ACCAA	740	2.7707474	6.944935	4
TGGAG	515	2.7364326	7.0396724	21
CAGCG	370	2.723423	9.761641	43
CAACA	725	2.7145836	7.937068	29
TTGGA	755	2.6648	6.546673	38
ACCAG	495	2.5986304	6.962236	44
TCAGC	525	2.5669227	6.477813	36
CCACC	375	2.5399234	8.9825325	44
ACCAC	500	2.5179513	8.00633	9
TTGGT	765	2.5147412	6.097261	42
TGGAA	655	2.4822457	8.0333805	15
GATGG	465	2.4707599	8.447607	34
TTTGG	745	2.4489963	7.8393354	2
CCAGC	340	2.4006581	9.363986	45
CACCG	340	2.4006581	7.483698	2
CCAAA	630	2.3588796	7.937068	20
CTTGA	680	2.3023136	7.177124	53
GCTTC	505	2.299636	6.0331287	39
AACCA	610	2.2839944	5.952801	13
GACAA	585	2.283406	7.239861	24
CCAAC	450	2.2661562	8.00633	40
TCTGG	475	2.254879	8.805065	33
CAAAG	560	2.1858246	7.239861	21
CCTTC	500	2.184116	8.102305	48
TGGCA	425	2.166229	6.7529006	5
TCACC	460	2.1574922	7.456715	19
AGCGG	280	2.1484904	8.1409445	44
TGTTG	650	2.1367083	7.8393354	53
GGTGG	285	2.1232274	7.896171	2
ACCTT	650	2.1110911	5.168735	43
GCCTT	460	2.0947177	6.0331287	35
GTTGG	420	2.0784569	6.5564184	30
ACACC	410	2.06472	5.3375525	5
AGCTT	600	2.0314536	5.382844	38
ACAAC	535	2.0031757	5.9528017	15
CTCTT	660	1.9964192	5.616235	45
TTGGC	420	1.993788	6.289333	22
TCAAT	825	1.9922115	5.118897	51
TGGAC	390	1.987834	6.7529016	39
CAGCT	405	1.9801975	6.477813	30
TACCA	565	1.9702796	7.39221	20
CAATG	540	1.9630674	7.70613	32
TTGGG	395	1.9547393	6.5564184	2
AATGG	515	1.9516894	6.025036	33
TTCAG	575	1.9468096	6.2799845	35
TTGTT	885	1.932481	5.7859793	52
AAAGC	495	1.9321128	7.239861	25
CTTTG	605	1.9077662	5.013326	37
CAGCC	270	1.9064049	5.6127734	17
TCAAA	730	1.8927367	5.496196	50
ACCGT	385	1.88241	7.773375	32
TGGGT	380	1.8805085	6.556418	3
CAAAA	675	1.8791307	5.1636424	48
CTGGA	365	1.8604087	10.804642	34
GCGGC	180	1.8576334	10.949313	45
AGCAA	475	1.8540477	8.274127	29
AGCAC	350	1.8374153	6.9552736	32
CATCA	520	1.8133546	6.4746585	47
GGACA	330	1.8059899	5.800511	18
ATGGA	475	1.8001019	5.025889	44
TGATG	510	1.8000634	7.4894	44
CCAAG	340	1.7849178	6.9552736	23
CAACC	350	1.7625659	9.340717	41
CACCC	260	1.7610135	7.1788397	33
GAACC	335	1.7586688	5.5697885	47
AGCGT	345	1.7584687	8.103482	36
ATGGC	345	1.7584685	5.402321	2
GTGGA	330	1.7534423	5.6317377	9
CTGGG	245	1.7508773	5.6865687	45
GAAAG	430	1.7496763	5.390936	24
AAGAA	600	1.7412714	5.382923	33
GCAAC	330	1.7324202	5.564219	31
GCCAA	330	1.7324202	8.346329	28
TGGTG	350	1.7320474	6.5564184	41
AGTGG	325	1.7268751	5.637376	45
GGCAG	225	1.7264656	6.0996027	22
GGCAA	315	1.7238992	5.8005104	1
CGTTG	360	1.7089612	5.031467	12
TGGTC	360	1.7089611	6.289333	52
AAGCA	435	1.6979173	6.2055955	28
CTTTT	810	1.6966604	6.6603346	19
TTCTG	535	1.6870332	7.51999	32
GCTTG	355	1.6852257	5.031467	4
GGAAG	290	1.6544795	7.5585465	11
TGGGA	310	1.647173	5.6317377	26
GGAAC	300	1.641809	5.8063173	46
GGAGG	205	1.6398016	10.597717	9
CAATT	675	1.6299915	5.118898	1
GGAGT	305	1.6206058	7.039673	22
TACCG	330	1.6134944	5.1822505	8
AACCT	460	1.6041213	6.468184	42
GACCA	305	1.6011763	5.564219	1
ACAGC	305	1.6011763	6.9552736	36
GGAGA	280	1.5974283	7.558546	28
CCTCT	365	1.5944046	6.9517846	46
CAAAC	425	1.5913079	5.9528017	23
AGCCT	325	1.5890474	6.477813	8
GTTGA	450	1.5882914	5.6114335	5
ACCAT	455	1.5866853	5.5441575	14
ACCGA	300	1.5749274	6.9552736	7
CACCT	335	1.5712174	7.4641805	45
ATTGG	445	1.5706437	5.6114335	36
CAAGA	400	1.5613034	6.205595	24
CCTGG	225	1.5424465	5.4494634	5
GGAGC	200	1.534636	6.1057086	45
CTTCC	350	1.5288808	6.944832	13
TTAGC	450	1.52359	6.279984	39
ATACC	435	1.5169408	8.3162365	19
TTACC	465	1.510242	5.163566	7
CGGCA	205	1.5089235	5.851127	25
ACCGG	205	1.5089235	5.851127	25
CAGTG	290	1.478133	5.407729	44
GAGCA	270	1.4776281	5.800511	18
GGCCA	200	1.4721205	7.801503	26
GGCAC	200	1.4721205	5.856984	47
TGGCG	205	1.4650195	7.574508	22
CCCAA	290	1.4604115	5.342895	44
GGCTT	305	1.4478698	6.289333	4
AGTAG	380	1.4400815	5.020863	49
GGTCT	300	1.4241344	5.031467	9
GATGA	375	1.421133	5.025889	45
CCATC	300	1.4070604	6.21393	38
AGCCA	265	1.3911859	5.564219	18
AGACA	355	1.3856565	5.1713285	14
ACCCA	275	1.3848732	5.3375525	21
AAAGA	475	1.3785065	5.382923	13
TGGCT	290	1.3766631	6.289333	3
ACCTG	280	1.3690256	5.1822505	12
GACAG	250	1.3681742	7.2506385	15
CTTCG	300	1.36612	6.033128	49
CAACG	260	1.3649372	5.569789	44
GGTTG	275	1.3608944	7.867702	5
GTGGT	275	1.3608943	5.2451344	9
CCACA	270	1.3596936	6.6786194	47
GCTGG	190	1.3578231	7.574509	28
GTGAC	265	1.3507077	5.402321	2
GTAGA	355	1.3453393	5.020863	50
GGTAA	355	1.3453393	6.025036	6
GAAGC	245	1.3408105	5.806317	45
GGATG	250	1.3283654	5.637376	45
GCAAA	340	1.3271078	5.171329	17
GGTCA	260	1.3252226	5.402321	6
TGGAT	375	1.323576	5.611433	39
AAGAG	325	1.3224299	5.3909364	23
GCAAT	360	1.3087115	6.7428637	30
GGTGA	245	1.3017982	7.039673	34
GTAGC	255	1.2997376	5.402321	1
CCATG	265	1.2956849	5.187438	46
TGAAG	340	1.288494	6.025036	53
TGGGC	180	1.2863588	5.680882	15
TGCTG	270	1.281721	6.2893333	35
CATGG	250	1.2742525	5.402321	22
AACAC	340	1.2730463	5.9528017	40
CCAGT	260	1.271238	5.1874375	43
AAATC	490	1.2704672	5.4961963	6
CTGGC	185	1.2682338	5.4494634	17
CCATT	390	1.2666547	5.1635666	15
GTGGG	170	1.2664864	5.9221277	10
TGGGG	170	1.2664864	5.9221277	2
CTGGT	265	1.2579854	5.031467	21
CGGCC	125	1.2374722	5.2463875	40
GCAGT	240	1.2232826	5.4023213	20
GGCAT	240	1.2232825	5.402321	6
GCCAT	250	1.2223442	5.18225	2
AACCG	230	1.2074444	5.564219	6
AGGCA	220	1.2039932	5.800511	41
TTCGA	355	1.2019432	5.3828435	25
TGGCC	175	1.1996804	7.2659507	18
AGATG	315	1.1937517	5.020863	1
GGGTC	165	1.1791623	5.680882	37
TCGAC	240	1.1734505	5.1822505	3
GAGGC	150	1.150977	6.0996027	40
CGGTG	160	1.1434299	5.6808815	7
AGAGT	300	1.1369064	6.025036	17
GACGA	205	1.1219028	5.800511	52
GTAAG	295	1.117958	5.020863	35
AGTTG	315	1.111804	5.6114345	1
GTGAA	290	1.0990095	7.029208	16
GAGAT	290	1.0990095	6.025036	29
CGTCG	160	1.0968508	5.4494634	35
GAGTC	215	1.0958571	5.407729	45
GCTTT	345	1.0878999	5.0133266	16
GTGGC	150	1.0719657	5.6865687	43
GAGCT	210	1.0703722	5.4023213	49
GCAGA	195	1.0671759	5.8063173	46
GGCCT	155	1.0625743	5.4494634	12
CGACG	140	1.0304843	5.851127	26
CAGTC	210	1.0267692	5.1822505	14
GCGTT	215	1.0206295	6.289333	37
TGACG	200	1.0194019	5.402321	19
TCAGG	200	1.0194019	5.402321	6
AACGG	185	1.0124489	5.800511	33
AAACT	385	0.9982242	6.183221	8
GGGCA	130	0.9975134	8.132804	15
GGGAC	130	0.9975134	6.0996027	4
TAGCG	195	0.9939171	5.4023213	26
ACATC	280	0.97642183	5.549708	46
GTCGT	205	0.9731585	6.2893333	36
GTCGG	135	0.96476907	5.680882	10
GAGTG	180	0.95642316	5.631738	50
AGCCC	135	0.9532024	5.6183915	46
AAGCC	180	0.9449566	5.5642195	1
TCTAG	275	0.9310828	5.3828435	11
GAGAC	170	0.9303584	5.800511	17
GCGGT	130	0.9290369	5.6865687	46
TCGGT	195	0.9256874	5.031467	1
GTCTG	195	0.9256874	5.031467	9
GCCAG	125	0.92007536	5.851127	7
GAGCC	125	0.92007536	5.851127	27
GGGAG	115	0.9198887	6.3586307	27
CAGGT	180	0.91746193	6.752902	53
ACTGG	180	0.9174618	5.402321	13
GGCGG	85	0.9144678	8.552156	5
AACCC	180	0.90646243	5.3375525	20
GTCAC	185	0.90453476	5.1822505	27
CGAAG	165	0.90299493	7.2506385	5
CCGGT	130	0.8911913	5.4494634	16
CCGTC	135	0.8877676	5.2274714	4
ACGGC	120	0.88327235	5.851127	34
GCAGG	115	0.8824157	6.1057086	44
AGTCC	180	0.88008785	5.1822505	29
ACGGT	170	0.8664918	5.4023213	42
GAGCG	110	0.8440498	8.132804	31
GCATG	165	0.8410067	5.402321	26
GCTGC	120	0.8226381	5.4549184	45
GGCGT	115	0.82184035	5.680882	23
TGAGA	215	0.8147829	5.020863	4
AGACC	155	0.8137124	5.5642185	11
GCCCA	115	0.8119873	5.6183915	47
CCCAG	115	0.81198716	5.612773	48
GGGGC	75	0.80688334	5.701438	3
CCGGC	80	0.7919822	5.2463875	17
GCCCT	120	0.78912675	5.2274714	1
CAGAC	150	0.7874637	5.564219	25
GGGGT	105	0.7822417	5.922128	7
CCAGG	105	0.77286327	5.851127	8
ACGAG	130	0.7114506	5.800511	29
CCTGA	145	0.7089596	5.18225	3
CGAGC	95	0.69925725	5.851127	30
CGGCG	65	0.670812	5.469182	12
GGACT	120	0.6116413	5.4023213	23
AGGTA	160	0.6063501	5.020863	32
CGGTC	85	0.5827019	5.454918	47
GGGCC	55	0.5676102	5.469182	12
GGGGG	50	0.5607658	5.9435573	5
CCTCG	85	0.5589648	5.2274714	49
CGCAG	75	0.5520452	5.851127	34
CTCGG	80	0.5484254	5.4494634	11
GCTCC	75	0.49320424	5.232704	43
ACTCG	100	0.4889377	6.4778132	10
GCACG	65	0.47843918	5.851127	33
CCCTC	75	0.47311288	5.0145235	48
GGCGC	45	0.46440834	5.469182	32
TCCGG	65	0.44559565	5.4494634	33
GCCCC	45	0.4273423	5.032668	34
CGGGC	40	0.4128074	5.469182	14
CGGGG	35	0.37654555	5.701438	49
GGGCG	35	0.37654555	5.701438	4
GCCGC	35	0.3464922	5.2463875	4
GACCC	45	0.31773415	5.6127734	38
>>END_MODULE
