##FastQC	0.10.1
>>Basic Statistics	pass
#Measure	Value	
Filename	Trimmed_Partial_SRR2467146.fastq	
File type	Conventional base calls	
Encoding	Sanger / Illumina 1.9	
Total Sequences	5000	
Filtered Sequences	0	
Sequence length	57	
%GC	41	
>>END_MODULE
>>Per base sequence quality	pass
#Base	Mean	Median	Lower Quartile	Upper Quartile	10th Percentile	90th Percentile
1	39.1654	40.0	39.0	41.0	36.0	41.0
2	39.1762	41.0	39.0	41.0	36.0	41.0
3	39.1936	41.0	39.0	41.0	36.0	41.0
4	39.0914	40.0	38.0	41.0	36.0	41.0
5	38.8302	40.0	38.0	41.0	34.0	41.0
6	39.251	41.0	39.0	41.0	36.0	41.0
7	39.3376	41.0	39.0	41.0	36.0	41.0
8	39.0804	40.0	39.0	41.0	36.0	41.0
9	39.2768	41.0	39.0	41.0	36.0	41.0
10	39.3806	41.0	39.0	41.0	36.0	41.0
11	39.3442	41.0	39.0	41.0	36.0	41.0
12	39.2156	41.0	39.0	41.0	36.0	41.0
13	39.1316	40.0	39.0	41.0	36.0	41.0
14	38.8166	40.0	38.0	41.0	35.0	41.0
15	38.351	40.0	38.0	41.0	34.0	41.0
16	38.5684	40.0	38.0	41.0	34.0	41.0
17	39.016	40.0	39.0	41.0	36.0	41.0
18	38.773	40.0	38.0	41.0	35.0	41.0
19	38.6492	40.0	38.0	41.0	34.0	41.0
20	38.9152	40.0	38.0	41.0	35.0	41.0
21	39.0486	40.0	39.0	41.0	35.0	41.0
22	38.6736	40.0	38.0	41.0	35.0	41.0
23	38.742	40.0	38.0	41.0	34.0	41.0
24	38.6732	40.0	38.0	41.0	34.0	41.0
25	38.8156	40.0	38.0	41.0	35.0	41.0
26	38.8504	40.0	38.0	41.0	35.0	41.0
27	38.2852	40.0	38.0	41.0	33.0	41.0
28	38.7718	40.0	38.0	41.0	35.0	41.0
29	38.6206	40.0	38.0	41.0	34.0	41.0
30	37.9392	40.0	38.0	41.0	33.0	41.0
31	38.5312	40.0	38.0	41.0	34.0	41.0
32	38.4212	40.0	38.0	41.0	34.0	41.0
33	38.6784	40.0	38.0	41.0	34.0	41.0
34	38.6844	40.0	38.0	41.0	34.0	41.0
35	38.7112	40.0	38.0	41.0	35.0	41.0
36	38.8336	40.0	38.0	41.0	35.0	41.0
37	38.4748	40.0	38.0	41.0	34.0	41.0
38	38.4384	40.0	38.0	41.0	34.0	41.0
39	38.4698	40.0	38.0	41.0	34.0	41.0
40	38.51	40.0	38.0	41.0	34.0	41.0
41	38.1022	40.0	38.0	41.0	33.0	41.0
42	37.6784	40.0	37.0	41.0	32.0	41.0
43	37.8788	40.0	37.0	41.0	33.0	41.0
44	37.9136	40.0	37.0	41.0	33.0	41.0
45	37.845	40.0	37.0	41.0	33.0	41.0
46	37.7346	40.0	37.0	41.0	33.0	41.0
47	37.7504	39.0	37.0	41.0	33.0	41.0
48	37.5854	39.0	36.0	41.0	33.0	41.0
49	37.5264	39.0	36.0	41.0	32.0	41.0
50	37.3388	39.0	36.0	41.0	32.0	41.0
51	37.1004	39.0	36.0	41.0	32.0	41.0
52	36.8106	39.0	35.0	40.0	31.0	41.0
53	36.6132	38.0	35.0	40.0	31.0	41.0
54	36.1706	38.0	35.0	40.0	31.0	41.0
55	36.1844	37.0	35.0	40.0	31.0	41.0
56	35.6728	37.0	35.0	39.0	29.0	41.0
57	35.7908	37.0	35.0	39.0	30.0	41.0
>>END_MODULE
>>Per sequence quality scores	pass
#Quality	Count
11	1.0
12	1.0
13	1.0
14	0.0
15	0.0
16	0.0
17	1.0
18	1.0
19	3.0
20	2.0
21	2.0
22	2.0
23	6.0
24	11.0
25	11.0
26	23.0
27	20.0
28	28.0
29	45.0
30	52.0
31	77.0
32	75.0
33	109.0
34	151.0
35	181.0
36	257.0
37	368.0
38	600.0
39	1051.0
40	1921.0
>>END_MODULE
>>Per base sequence content	warn
#Base	G	A	T	C
1	19.5	28.599999999999998	32.74	19.16
2	20.36	26.86	31.3	21.48
3	20.68	28.22	31.46	19.64
4	20.62	28.999999999999996	31.16	19.220000000000002
5	19.72	28.1	30.759999999999998	21.42
6	20.4	27.82	30.599999999999998	21.18
7	21.16	28.4	30.94	19.5
8	18.66	27.860000000000003	31.6	21.88
9	20.84	28.88	30.240000000000002	20.04
10	22.12	26.96	31.680000000000003	19.24
11	19.307723089235694	28.011204481792717	31.35254101640656	21.328531412565027
12	21.3	28.060000000000002	30.04	20.599999999999998
13	21.08	28.7	30.740000000000002	19.48
14	19.919999999999998	29.24	29.48	21.36
15	20.419999999999998	29.74	28.78	21.060000000000002
16	20.4	28.92	30.98	19.7
17	19.02	26.36	31.44	23.18
18	20.4	28.04	30.84	20.72
19	20.7	29.28	30.48	19.54
20	20.3	29.080000000000002	28.939999999999998	21.68
21	20.080000000000002	28.74	30.259999999999998	20.919999999999998
22	21.152691614968983	27.21632979787873	31.318791274764855	20.312187312387433
23	21.18	26.740000000000002	31.0	21.08
24	19.939999999999998	28.08	31.22	20.76
25	21.060000000000002	28.599999999999998	30.0	20.34
26	20.24	27.0	30.680000000000003	22.08
27	20.32	28.560000000000002	30.86	20.26
28	20.9	29.299999999999997	30.680000000000003	19.12
29	19.900000000000002	27.439999999999998	30.18	22.48
30	19.24	28.499999999999996	31.46	20.8
31	21.18	28.38	30.72	19.72
32	20.3	27.42	30.680000000000003	21.6
33	20.97258355013008	28.096858114868922	30.358214928957374	20.572343406043625
34	19.5	29.32	30.159999999999997	21.02
35	20.22	28.000000000000004	30.159999999999997	21.62
36	20.7	28.560000000000002	29.880000000000003	20.86
37	21.0	28.84	30.8	19.36
38	20.18	27.08	30.36	22.38
39	20.14	28.82	29.9	21.14
40	19.900000000000002	28.64	31.72	19.74
41	20.5	26.979999999999997	31.3	21.22
42	20.18	28.68	30.5	20.64
43	21.66	28.199999999999996	30.380000000000003	19.759999999999998
44	18.94	28.88	30.54	21.64
45	21.32	28.060000000000002	29.880000000000003	20.74
46	21.84	27.26	30.18	20.72
47	19.88	27.400000000000002	29.959999999999997	22.759999999999998
48	20.080000000000002	28.499999999999996	30.06	21.36
49	20.76	28.1	31.56	19.580000000000002
50	19.3	27.12	31.22	22.36
51	20.580000000000002	29.24	29.799999999999997	20.380000000000003
52	19.34	29.42	31.180000000000003	20.06
53	20.46	26.900000000000002	30.18	22.46
54	20.72	28.54	30.580000000000002	20.16
55	21.060000000000002	28.139999999999997	31.380000000000003	19.42
56	20.1	27.38	30.44	22.08
57	20.54	28.999999999999996	29.32	21.14
>>END_MODULE
>>Per base GC content	pass
#Base	%GC
1	38.66
2	41.839999999999996
3	40.32
4	39.839999999999996
5	41.14
6	41.58
7	40.660000000000004
8	40.54
9	40.88
10	41.36
11	40.63625450180072
12	41.9
13	40.56
14	41.28
15	41.48
16	40.1
17	42.199999999999996
18	41.120000000000005
19	40.239999999999995
20	41.980000000000004
21	41.0
22	41.464878927356416
23	42.26
24	40.699999999999996
25	41.4
26	42.32
27	40.58
28	40.02
29	42.38
30	40.04
31	40.9
32	41.9
33	41.544926956173704
34	40.52
35	41.839999999999996
36	41.56
37	40.36
38	42.559999999999995
39	41.28
40	39.64
41	41.72
42	40.82
43	41.42
44	40.58
45	42.059999999999995
46	42.559999999999995
47	42.64
48	41.44
49	40.339999999999996
50	41.660000000000004
51	40.96
52	39.4
53	42.92
54	40.88
55	40.48
56	42.18
57	41.68
>>END_MODULE
>>Per sequence GC content	pass
#GC Content	Count
0	0.0
1	0.0
2	0.0
3	0.0
4	0.0
5	0.0
6	0.0
7	0.0
8	0.0
9	0.0
10	0.5
11	2.5
12	4.0
13	3.0
14	2.0
15	5.0
16	8.0
17	6.0
18	7.5
19	11.0
20	10.0
21	9.0
22	12.0
23	15.0
24	24.5
25	43.0
26	52.0
27	74.5
28	97.0
29	107.0
30	117.0
31	153.0
32	232.5
33	276.0
34	286.0
35	296.0
36	332.5
37	369.0
38	410.5
39	474.0
40	496.0
41	501.0
42	506.0
43	502.5
44	499.0
45	468.5
46	397.5
47	357.0
48	314.5
49	272.0
50	244.5
51	217.0
52	170.0
53	123.0
54	96.0
55	57.0
56	45.0
57	31.5
58	18.0
59	15.0
60	12.0
61	8.5
62	4.0
63	3.0
64	2.5
65	2.0
66	1.5
67	1.0
68	0.5
69	0.0
70	0.0
71	0.0
72	0.0
73	0.5
74	1.0
75	0.5
76	0.0
77	0.0
78	0.0
79	0.0
80	0.0
81	0.0
82	0.0
83	0.0
84	0.0
85	0.0
86	0.0
87	0.0
88	0.0
89	0.0
90	0.0
91	0.0
92	0.0
93	0.0
94	0.0
95	0.0
96	0.0
97	0.0
98	0.0
99	0.0
100	0.0
>>END_MODULE
>>Per base N content	pass
#Base	N-Count
1	0.0
2	0.0
3	0.0
4	0.0
5	0.0
6	0.0
7	0.0
8	0.0
9	0.0
10	0.0
11	0.04
12	0.0
13	0.0
14	0.0
15	0.0
16	0.0
17	0.0
18	0.0
19	0.0
20	0.0
21	0.0
22	0.06
23	0.0
24	0.0
25	0.0
26	0.0
27	0.0
28	0.0
29	0.0
30	0.0
31	0.0
32	0.0
33	0.06
34	0.0
35	0.0
36	0.0
37	0.0
38	0.0
39	0.0
40	0.0
41	0.0
42	0.0
43	0.0
44	0.0
45	0.0
46	0.0
47	0.0
48	0.0
49	0.0
50	0.0
51	0.0
52	0.0
53	0.0
54	0.0
55	0.0
56	0.0
57	0.0
>>END_MODULE
>>Sequence Length Distribution	pass
#Length	Count
57	5000.0
>>END_MODULE
>>Sequence Duplication Levels	pass
#Total Duplicate Percentage	4.0
#Duplication Level	Relative count
1	100.0
2	1.875
3	0.10416666666666667
4	0.0
5	0.020833333333333332
6	0.0
7	0.0
8	0.0
9	0.0
10++	0.0
>>END_MODULE
>>Overrepresented sequences	pass
>>END_MODULE
>>Kmer Content	fail
#Sequence	Count	Obs/Exp Overall	Obs/Exp Max	Max Obs/Exp Position
CACCA	690	3.7337086	11.471684	3
TCTTC	1125	3.4710317	8.1762085	4
GCAGC	420	3.1828825	10.041237	36
ACCAG	560	3.0534558	5.7797556	6
CTTGG	640	2.9960058	7.443202	17
CCACC	395	2.9481115	15.822776	46
CACCG	390	2.9330788	9.964947	20
TTCTT	1390	2.8700454	6.5660033	44
AGCAG	520	2.8570585	7.2800045	4
CTTCT	925	2.8539593	6.5409665	36
CTTCA	840	2.8077724	6.2004976	26
ACCAA	685	2.6873634	8.317096	51
TGGAG	515	2.6318355	6.7712274	5
TTGGA	765	2.596382	5.3964014	18
CAAAG	655	2.5893416	7.3331738	51
TCTTG	810	2.518276	5.767163	27
CAGCA	460	2.5081954	7.224694	44
CAGCG	330	2.5008361	8.0329895	18
ACCAC	460	2.4891393	10.0377245	45
GGTGG	350	2.4859211	7.528789	4
CCTTG	535	2.4854453	8.617759	20
CCAAG	440	2.3991432	7.2246933	1
CCTTC	515	2.3743534	6.1087737	15
CAACA	605	2.3735106	6.237821	15
TTGGT	755	2.3652525	5.8113155	37
TTCAA	970	2.350709	7.7064476	27
TTTGG	735	2.3025968	5.8113155	36
CCAGC	305	2.2938175	9.964946	23
GCACC	305	2.2938175	5.9789677	5
GCCAA	415	2.2628286	7.224694	10
TCACC	450	2.2476423	6.618058	2
TGGTG	475	2.2406218	7.500187	17
AACCA	570	2.2362	6.237821	29
TGGCA	440	2.2314746	9.407694	50
CTTGA	645	2.1724741	7.1405354	12
CCAAA	550	2.1577368	6.2378206	53
ACACC	395	2.1374128	8.603763	19
GATGG	415	2.1207993	8.125472	50
CCAAT	580	2.1003282	6.7174287	52
GGCAG	275	2.0999854	8.094489	1
TCTGG	445	2.0831602	7.443202	6
TACCA	565	2.0460095	5.757797	44
TCAGC	400	2.0132	5.3349805	20
AGAAG	505	2.0116465	6.333699	9
TCCAA	555	2.009797	5.757797	38
CCAAC	370	2.0021334	5.7358418	25
GAACC	365	1.9901986	5.779755	27
TTGGC	425	1.989535	6.202668	40
TCCTT	635	1.9592046	5.7233458	19
CAGCC	260	1.9553854	5.9789677	1
GCGGC	185	1.948547	5.5823236	2
GTTGG	410	1.9340104	7.500187	19
TCAAC	530	1.9192655	9.596327	48
GAAGA	480	1.9120601	5.278083	37
GGCAA	345	1.8955485	5.824004	19
GGAAG	340	1.8823788	5.8685927	21
GTTTC	605	1.8809345	5.767163	49
CTGGA	370	1.8764672	5.375825	7
ACCTT	560	1.8718486	5.314713	51
CACCC	250	1.8658936	5.933542	2
TTCTG	600	1.8653896	6.5910435	41
ACCGG	245	1.8566817	8.03299	20
AGCCA	340	1.8538836	5.779755	47
TGGTA	545	1.8497102	5.396402	16
AGCGG	240	1.8327146	8.094489	17
TTCAG	540	1.8188156	5.3554015	19
CTGGC	260	1.8187296	5.5611153	4
ACCCA	335	1.8127426	5.735842	3
GCTTC	390	1.8118199	6.1555424	14
GTGGT	375	1.7689118	10.000249	5
AATGG	480	1.7649195	6.820679	21
TTTCA	775	1.7336134	5.3350554	26
CAACC	320	1.731575	7.1698027	49
TGGCG	245	1.7269236	7.471587	2
TTGGG	365	1.7217408	5.0001245	1
GACCA	315	1.7175686	7.224694	27
GGAGA	310	1.7162863	5.8685923	4
TGGAT	500	1.6969815	5.3964014	53
ACCGA	310	1.6903058	5.7797556	36
ACCGT	335	1.6860554	6.668727	16
CTTCC	365	1.6827942	6.1087737	36
AAAGC	425	1.680107	5.237981	4
ATTGG	495	1.6800117	5.3964014	16
CTTTG	540	1.6788505	5.767163	46
GCCTT	360	1.6724491	7.3866506	7
CAGCT	330	1.6608902	5.334981	14
CCCAA	305	1.6504074	5.735842	44
ATACC	455	1.6476715	6.7174296	4
CAGAA	415	1.6405752	6.285577	53
AAGCA	415	1.6405752	5.237981	44
TCTCT	530	1.6352415	5.7233458	1
ACCAT	450	1.6295651	5.757797	28
TGGTT	520	1.6290483	6.641505	52
AAACC	415	1.6281104	5.198184	18
TACCG	320	1.6105604	5.3349814	15
AGCCT	315	1.5853952	6.668726	27
GTTCA	470	1.5830432	5.3554015	8
AGCTT	470	1.5830431	5.355401	50
AGCAA	395	1.5615112	8.380769	45
GCTGG	220	1.5507069	7.471587	31
AAAGA	540	1.5476983	5.31663	50
CAAAA	540	1.5359393	5.276236	41
GGAGC	200	1.5272621	6.070867	19
ATGGC	300	1.5214599	6.719782	11
GTTGA	440	1.493344	6.295802	53
GGAGT	290	1.4820044	8.125473	22
CCAGA	270	1.4722017	5.779755	7
AGCAC	270	1.4722016	5.7797546	48
GGGAA	265	1.4671481	5.8685923	12
CCATC	290	1.4484807	5.294447	46
CAGTG	285	1.445387	6.7197814	21
ACAGC	265	1.4449388	5.779755	17
GAGGA	260	1.439466	5.8685923	2
CGTCA	285	1.4344052	5.334981	17
GGTGA	280	1.4309008	6.7712274	24
AACAG	360	1.4231496	6.2855773	27
GGTAG	275	1.405349	5.4169817	15
CGGCA	185	1.401984	8.0329895	26
GACAG	255	1.4010576	5.8240037	12
GTACC	275	1.3840753	5.334981	49
ACAAC	350	1.3731053	6.237821	51
TAGCA	375	1.3683674	5.8018775	26
TTGTC	440	1.3679523	5.767163	44
GGCCA	180	1.3640925	6.024742	13
CATGG	265	1.3439564	8.063738	12
CGACA	245	1.3358867	5.779755	51
CATCG	265	1.3337454	5.3349814	36
GTCAG	260	1.3185986	5.375825	21
CGCCA	175	1.316125	5.978968	32
AATTC	540	1.308642	5.1376314	49
CATCC	260	1.2986379	5.294447	44
GATTC	385	1.296748	5.355401	52
TGATG	380	1.2897062	5.396402	14
AAGAT	485	1.2830915	5.6085653	50
GTCAT	380	1.2799072	6.247968	31
TGGGG	180	1.2784737	5.646592	46
GGTTG	270	1.2736166	8.750218	53
GGCGG	120	1.2735987	5.625061	1
GGGAG	165	1.2696377	6.1173453	40
CAAGG	230	1.263699	5.824004	47
GGCGA	165	1.2599914	6.0708675	30
CCATG	250	1.2582502	5.334981	15
ATGGG	245	1.2520382	5.416982	2
TGAGC	245	1.2425256	5.3758254	24
CAAAC	315	1.2357948	6.237821	17
GTGGC	175	1.2335168	5.6036906	40
AACCG	225	1.2268348	5.779755	50
ACAGT	335	1.2224082	6.768857	27
GTGGG	170	1.2074474	5.646592	25
AAGAC	305	1.2057239	5.237981	51
GATAA	455	1.2037251	6.3096356	15
CGGCC	115	1.2020559	8.309865	50
CAACG	220	1.1995717	5.779755	12
CTGGG	170	1.1982735	5.6036906	44
GGCAC	155	1.1746352	6.024742	37
GCCAT	230	1.1575902	5.334981	14
TGGCC	165	1.1541939	7.4148207	20
ATTCA	470	1.1390033	5.1376314	18
GCCAG	150	1.1367438	6.024742	43
CCACA	210	1.136346	5.7358418	20
GAAGG	205	1.1349636	5.8685927	22
AGGAG	205	1.1349636	8.802889	43
CCGAC	150	1.1281071	5.9789677	37
AGAGT	305	1.1214595	5.846297	20
CGTAG	220	1.1157373	5.375825	39
TGTGG	235	1.1085181	5.000125	4
GAGTG	215	1.0987275	5.4169817	17
GGGTC	155	1.0925435	5.6036906	24
AGGGA	195	1.0795995	7.33574	1
AAGAG	270	1.0755339	5.2780824	41
CACCT	215	1.0738736	5.294447	53
GGACA	195	1.071397	5.824004	24
GACGA	195	1.071397	7.2800045	48
GGTAC	210	1.065022	5.375825	41
GGGGC	100	1.0613322	5.625061	28
GGGCG	100	1.0613322	5.625061	12
GGCGT	150	1.0573002	5.603691	51
CGGTG	150	1.0573001	5.6036906	3
TGGGC	150	1.0573001	5.6036906	41
CCCCA	140	1.0449003	5.9335413	52
GGCAT	205	1.0396643	5.375825	9
TCAGG	205	1.0396641	5.3758245	33
TCTCA	310	1.0362017	5.314712	34
ACCTG	205	1.0317652	5.3349814	37
GACCT	205	1.0317652	5.334981	43
CTAGC	205	1.0317651	6.6687255	34
CGGAG	135	1.0309019	6.070867	21
CGACG	135	1.0230694	8.0329895	47
AGGTG	200	1.0220721	5.4169817	42
CGGAA	185	1.0164535	5.824004	39
GCAAG	185	1.0164535	5.8240037	46
AACGG	185	1.0164535	5.824004	17
TAGCC	200	1.0066001	5.334981	26
CAGTT	295	0.99361223	5.3554015	29
TCGAT	295	0.99361223	6.247968	39
CCGGC	95	0.9930028	5.53991	7
GTGTG	210	0.9905907	8.750218	3
CGTGA	195	0.98894894	5.375825	39
AGCTC	195	0.98143506	5.3349805	53
CCTGG	140	0.9793158	5.561115	52
CCCAG	130	0.9776929	5.978968	39
CTCCA	195	0.97397834	5.2944465	18
TGAGG	190	0.9709684	5.416982	52
CCACG	125	0.94008917	5.9789677	9
CCTCC	135	0.93004507	5.476932	31
AAGCG	165	0.9065667	7.280005	5
CGAAC	165	0.8996787	5.7797546	5
TCCAC	180	0.89905703	5.294447	44
CCGGT	125	0.8743892	5.561115	22
CCAGG	115	0.87150353	6.024742	14
AACGA	220	0.86970246	5.237981	34
AACTC	240	0.8691014	5.757797	43
GCCTC	125	0.8677458	5.518863	49
CGTTA	255	0.8588851	7.1405354	8
GAGGG	110	0.8464251	6.1173453	50
GGCCT	120	0.8394136	5.561115	35
GCGCC	80	0.8362129	5.53991	21
TCGAC	165	0.8304451	5.334981	16
GGTCC	115	0.8044381	5.5611153	51
TGCCC	115	0.79832613	5.518863	23
ACGGC	105	0.79572064	6.024742	23
AGGCG	100	0.76363105	8.094489	15
CCTCG	110	0.76361626	5.5188627	50
AGACG	135	0.74173635	5.824004	21
GGCTC	105	0.734487	5.5611153	20
GAGAG	130	0.71973306	5.8685927	12
ACCCC	95	0.70903957	5.933542	40
GGCTG	100	0.70486677	5.6036906	25
GCTGT	150	0.70218885	6.2026687	31
CTACC	140	0.6992665	5.2944465	11
TCCGC	100	0.69419664	5.518863	23
CCGCC	65	0.6742609	5.4978194	15
GCTGC	95	0.6645358	5.5611153	7
GTACG	120	0.608584	5.375825	15
GCCTG	85	0.5945847	5.5611153	36
CGGCG	55	0.57929766	5.582323	29
GCCGA	75	0.5683719	6.024742	30
CTCCC	75	0.5166917	5.476932	36
CCCCC	50	0.5147215	5.456048	20
GGTCG	70	0.49340674	5.6036906	10
GTGCG	65	0.45816338	5.6036906	14
GTCCC	65	0.4512278	5.518863	10
GGGCC	40	0.42130744	5.5823236	4
GGCCC	40	0.41810644	5.53991	19
CGCCC	40	0.41492978	5.4978194	30
CCCGC	40	0.41492978	5.4978194	50
CCTAG	80	0.40264	5.3349805	33
GCGGG	35	0.37146628	5.625061	18
GCGCG	35	0.36864397	5.582323	10
CCGCG	35	0.36584312	5.53991	29
GCCCG	25	0.2613165	5.53991	20
CTCCG	35	0.24296881	5.5188627	22
CCCGG	20	0.20905322	5.53991	21
>>END_MODULE
