##FastQC	0.10.1
>>Basic Statistics	pass
#Measure	Value	
Filename	Trimmed_Partial_SRR2467148.fastq	
File type	Conventional base calls	
Encoding	Sanger / Illumina 1.9	
Total Sequences	5000	
Filtered Sequences	0	
Sequence length	57	
%GC	40	
>>END_MODULE
>>Per base sequence quality	pass
#Base	Mean	Median	Lower Quartile	Upper Quartile	10th Percentile	90th Percentile
1	39.1764	41.0	39.0	41.0	36.0	41.0
2	39.1704	41.0	39.0	41.0	36.0	41.0
3	39.2626	41.0	39.0	41.0	36.0	41.0
4	39.1104	40.0	39.0	41.0	36.0	41.0
5	38.8272	40.0	38.0	41.0	34.0	41.0
6	39.2866	41.0	39.0	41.0	36.0	41.0
7	39.403	41.0	39.0	41.0	36.0	41.0
8	39.0104	40.0	39.0	41.0	35.0	41.0
9	39.3038	41.0	39.0	41.0	36.0	41.0
10	39.4308	41.0	39.0	41.0	36.0	41.0
11	39.3598	41.0	39.0	41.0	36.0	41.0
12	39.3728	41.0	39.0	41.0	36.0	41.0
13	39.2386	40.0	39.0	41.0	36.0	41.0
14	38.923	40.0	38.0	41.0	35.0	41.0
15	38.3802	40.0	38.0	41.0	34.0	41.0
16	38.6794	40.0	38.0	41.0	34.0	41.0
17	38.9984	40.0	39.0	41.0	35.0	41.0
18	38.8894	40.0	38.0	41.0	35.0	41.0
19	38.6708	40.0	38.0	41.0	34.0	41.0
20	38.912	40.0	38.0	41.0	35.0	41.0
21	39.0138	40.0	39.0	41.0	35.0	41.0
22	38.7588	40.0	38.0	41.0	35.0	41.0
23	38.783	40.0	38.0	41.0	35.0	41.0
24	38.6584	40.0	38.0	41.0	34.0	41.0
25	38.6372	40.0	38.0	41.0	35.0	41.0
26	38.6892	40.0	38.0	41.0	34.0	41.0
27	38.178	40.0	38.0	41.0	33.0	41.0
28	38.6454	40.0	38.0	41.0	35.0	41.0
29	38.4818	40.0	38.0	41.0	34.0	41.0
30	38.0012	40.0	38.0	41.0	33.0	41.0
31	38.439	40.0	38.0	41.0	34.0	41.0
32	38.3164	40.0	38.0	41.0	33.0	41.0
33	38.6436	40.0	38.0	41.0	35.0	41.0
34	38.6076	40.0	38.0	41.0	34.0	41.0
35	38.6098	40.0	38.0	41.0	34.0	41.0
36	38.7092	40.0	38.0	41.0	35.0	41.0
37	38.3456	40.0	38.0	41.0	33.0	41.0
38	38.362	40.0	38.0	41.0	34.0	41.0
39	38.4314	40.0	38.0	41.0	34.0	41.0
40	38.5126	40.0	38.0	41.0	34.0	41.0
41	38.1224	40.0	38.0	41.0	33.0	41.0
42	37.592	40.0	37.0	41.0	32.0	41.0
43	37.8238	40.0	37.0	41.0	33.0	41.0
44	37.8396	40.0	37.0	41.0	33.0	41.0
45	37.7468	40.0	37.0	41.0	33.0	41.0
46	37.652	40.0	37.0	41.0	33.0	41.0
47	37.6458	39.0	37.0	41.0	33.0	41.0
48	37.5488	39.0	37.0	41.0	33.0	41.0
49	37.4734	39.0	36.0	41.0	33.0	41.0
50	37.1724	39.0	36.0	41.0	32.0	41.0
51	36.8878	39.0	36.0	41.0	32.0	41.0
52	36.5296	38.0	35.0	40.0	31.0	41.0
53	36.4802	38.0	35.0	40.0	31.0	41.0
54	36.1142	37.0	35.0	40.0	31.0	41.0
55	35.9766	37.0	35.0	40.0	31.0	41.0
56	35.6012	37.0	35.0	39.0	30.0	41.0
57	35.7262	37.0	35.0	39.0	30.0	41.0
>>END_MODULE
>>Per sequence quality scores	pass
#Quality	Count
6	1.0
7	0.0
8	0.0
9	0.0
10	2.0
11	3.0
12	1.0
13	2.0
14	0.0
15	1.0
16	3.0
17	0.0
18	4.0
19	4.0
20	2.0
21	3.0
22	7.0
23	4.0
24	7.0
25	7.0
26	10.0
27	18.0
28	28.0
29	47.0
30	56.0
31	63.0
32	103.0
33	117.0
34	131.0
35	195.0
36	235.0
37	354.0
38	581.0
39	1161.0
40	1849.0
41	1.0
>>END_MODULE
>>Per base sequence content	warn
#Base	G	A	T	C
1	19.6	27.52	32.74	20.14
2	19.7	27.66	31.5	21.14
3	21.08	28.4	30.28	20.24
4	20.200000000000003	27.700000000000003	32.2	19.900000000000002
5	19.66	27.200000000000003	32.34	20.8
6	20.74	28.68	30.380000000000003	20.200000000000003
7	22.28	27.779999999999998	30.220000000000002	19.72
8	19.78	27.74	31.7	20.78
9	21.04	28.860000000000003	30.72	19.38
10	21.060000000000002	28.24	30.34	20.36
11	19.82396479295859	27.485497099419888	31.32626525305061	21.364272854570913
12	20.54	28.34	30.78	20.34
13	20.919999999999998	28.34	30.56	20.18
14	19.12	28.199999999999996	31.64	21.04
15	19.38	28.82	31.819999999999997	19.98
16	20.64	27.3	31.36	20.7
17	19.88	27.439999999999998	31.380000000000003	21.3
18	19.52	29.14	31.06	20.28
19	20.979999999999997	28.999999999999996	29.82	20.200000000000003
20	19.5	27.88	30.819999999999997	21.8
21	21.44	28.799999999999997	29.7	20.06
22	21.484296859371874	26.7253450690138	31.706341268253652	20.084016803360672
23	19.24	28.26	31.66	20.84
24	20.48	29.220000000000002	30.04	20.26
25	20.84	27.779999999999998	31.04	20.34
26	19.78	26.82	31.56	21.84
27	19.64	28.12	32.18	20.06
28	20.9	28.28	31.180000000000003	19.64
29	19.38	26.919999999999998	31.44	22.259999999999998
30	20.119999999999997	28.499999999999996	31.3	20.080000000000002
31	21.36	26.939999999999998	31.86	19.84
32	19.24	27.08	31.619999999999997	22.06
33	21.192715629377627	28.817290374224534	30.338202921753048	19.651791074644787
34	20.36	27.860000000000003	31.04	20.74
35	19.86	27.26	31.259999999999998	21.62
36	20.84	28.34	30.2	20.62
37	20.119999999999997	27.24	32.76	19.88
38	20.119999999999997	27.939999999999998	30.320000000000004	21.62
39	21.66	27.26	30.48	20.599999999999998
40	20.8	28.139999999999997	30.9	20.16
41	19.72	26.419999999999998	31.56	22.3
42	20.36	28.42	31.04	20.18
43	20.9	26.76	32.519999999999996	19.82
44	19.32	26.919999999999998	31.019999999999996	22.74
45	21.0	28.58	29.42	21.0
46	20.580000000000002	28.92	30.56	19.939999999999998
47	19.88	26.8	31.259999999999998	22.06
48	20.52	28.88	30.18	20.419999999999998
49	19.96	28.860000000000003	30.86	20.32
50	19.6	28.62	30.06	21.72
51	21.36	28.439999999999998	30.5	19.7
52	20.599999999999998	28.939999999999998	30.220000000000002	20.24
53	19.54	27.98	30.94	21.54
54	20.74	28.82	30.06	20.380000000000003
55	20.46	28.02	31.22	20.3
56	20.06	26.88	30.36	22.7
57	20.580000000000002	28.96	30.459999999999997	20.0
>>END_MODULE
>>Per base GC content	pass
#Base	%GC
1	39.739999999999995
2	40.839999999999996
3	41.32
4	40.1
5	40.46
6	40.94
7	42.0
8	40.56
9	40.42
10	41.42
11	41.188237647529505
12	40.88
13	41.099999999999994
14	40.160000000000004
15	39.36
16	41.339999999999996
17	41.18
18	39.800000000000004
19	41.18
20	41.3
21	41.5
22	41.56831366273255
23	40.08
24	40.739999999999995
25	41.18
26	41.620000000000005
27	39.7
28	40.54
29	41.64
30	40.2
31	41.199999999999996
32	41.3
33	40.844506704022415
34	41.099999999999994
35	41.48
36	41.46
37	40.0
38	41.74
39	42.26
40	40.96
41	42.02
42	40.54
43	40.72
44	42.059999999999995
45	42.0
46	40.52
47	41.94
48	40.94
49	40.28
50	41.32
51	41.06
52	40.839999999999996
53	41.08
54	41.120000000000005
55	40.760000000000005
56	42.76
57	40.58
>>END_MODULE
>>Per sequence GC content	pass
#GC Content	Count
0	0.0
1	0.0
2	0.0
3	0.0
4	0.0
5	0.0
6	0.0
7	0.0
8	0.0
9	0.0
10	0.0
11	0.0
12	0.0
13	0.5
14	1.0
15	2.0
16	3.0
17	5.0
18	11.5
19	16.0
20	16.0
21	16.0
22	16.5
23	17.0
24	22.0
25	48.0
26	69.0
27	84.5
28	100.0
29	114.5
30	129.0
31	159.0
32	227.5
33	266.0
34	287.5
35	309.0
36	344.5
37	380.0
38	424.5
39	467.5
40	466.0
41	487.5
42	509.0
43	507.0
44	505.0
45	463.0
46	394.0
47	367.0
48	321.5
49	276.0
50	237.5
51	199.0
52	154.5
53	110.0
54	84.0
55	49.0
56	40.0
57	35.5
58	31.0
59	20.5
60	10.0
61	7.5
62	4.0
63	3.0
64	2.5
65	2.0
66	1.0
67	0.0
68	0.0
69	0.0
70	0.0
71	0.0
72	0.0
73	0.0
74	0.0
75	0.0
76	0.0
77	0.0
78	0.0
79	0.0
80	0.0
81	0.0
82	0.0
83	0.0
84	0.0
85	0.0
86	0.0
87	0.0
88	0.0
89	0.0
90	0.0
91	0.0
92	0.0
93	0.0
94	0.0
95	0.0
96	0.0
97	0.0
98	0.0
99	0.0
100	0.0
>>END_MODULE
>>Per base N content	pass
#Base	N-Count
1	0.0
2	0.0
3	0.0
4	0.0
5	0.0
6	0.0
7	0.0
8	0.0
9	0.0
10	0.0
11	0.02
12	0.0
13	0.0
14	0.0
15	0.0
16	0.0
17	0.0
18	0.0
19	0.0
20	0.0
21	0.0
22	0.02
23	0.0
24	0.0
25	0.0
26	0.0
27	0.0
28	0.0
29	0.0
30	0.0
31	0.0
32	0.0
33	0.06
34	0.0
35	0.0
36	0.0
37	0.0
38	0.0
39	0.0
40	0.0
41	0.0
42	0.0
43	0.0
44	0.0
45	0.0
46	0.0
47	0.0
48	0.0
49	0.0
50	0.0
51	0.0
52	0.0
53	0.0
54	0.0
55	0.0
56	0.0
57	0.0
>>END_MODULE
>>Sequence Length Distribution	pass
#Length	Count
57	5000.0
>>END_MODULE
>>Sequence Duplication Levels	pass
#Total Duplicate Percentage	4.62
#Duplication Level	Relative count
1	100.0
2	2.075906898720906
3	0.23065632208010065
4	0.0
5	0.0
6	0.0
7	0.0
8	0.0
9	0.0
10++	0.0
>>END_MODULE
>>Overrepresented sequences	pass
>>END_MODULE
>>Kmer Content	warn
#Sequence	Count	Obs/Exp Overall	Obs/Exp Max	Max Obs/Exp Position
GCAGC	460	3.442488	9.924852	31
TCTTC	1080	3.356927	7.412514	2
CTTCT	1020	3.170431	7.419934	31
TTCTT	1495	3.1214254	8.298658	2
ACCAG	570	3.0962114	10.075315	27
CTTGG	660	3.0649672	6.152573	6
AGCAG	535	2.9113088	8.6514845	36
CAGCA	530	2.8789334	10.075315	12
CACCA	525	2.8466651	7.1837626	10
CCTTG	605	2.8045206	8.598173	4
TCTTG	895	2.7868903	9.075998	9
CTTCA	770	2.5908074	6.2409015	41
CCTTC	550	2.5449967	8.58277	34
TGGCA	495	2.4883611	7.992163	23
TCACC	485	2.4293637	5.3090363	35
TGGAG	475	2.3921063	6.672088	36
CTTGA	705	2.3763597	8.046463	29
GGCAG	315	2.3615863	9.932718	14
CAGCG	305	2.282519	5.9549103	31
CACCG	305	2.2784302	7.917732	35
CTTGT	725	2.2575366	7.425816	7
CAAAG	570	2.2513885	6.2858825	32
GGAAG	410	2.2351	7.2225075	23
CCACC	290	2.1624954	9.879436	34
TCTGG	465	2.1594088	6.152573	10
GCTTC	465	2.1555405	6.1415524	4
CCAAA	545	2.1487873	5.2236233	13
CCAGC	285	2.129025	11.876597	11
TGGTG	450	2.0935009	7.396338	24
TACCA	570	2.0760868	6.75575	20
AGCGG	275	2.0617023	7.946175	4
TCAGC	410	2.0573745	7.977846	11
GCACC	275	2.0543225	5.938299	3
CAATG	560	2.043325	5.801036	26
ACCAA	515	2.0305054	6.2683477	21
TCCAA	555	2.021453	5.7906427	4
ACCTT	600	2.018811	5.3493443	19
AGCAA	510	2.0144005	8.372796	51
TTCTG	645	2.0084293	5.7756352	36
ACCAC	370	2.006221	7.1837626	21
CAACA	505	1.9910781	5.2236233	5
GGAGG	265	1.9902966	9.950543	47
TTTGG	635	1.9808391	5.786	44
GGTGG	280	1.942691	7.353779	27
TTGGT	620	1.9340477	5.786	25
AAAGC	485	1.915655	5.238235	31
GAAGC	350	1.9045944	5.767656	24
GAACC	350	1.9011827	7.196655	22
GATGG	375	1.888505	5.3376703	7
TTCAG	555	1.8707515	5.358945	48
AAGCA	470	1.856408	5.232997	18
TCCTT	595	1.849418	5.765289	7
ACACC	340	1.8435546	5.7470098	19
GAAGA	465	1.8399552	5.2423887	7
CTGGC	265	1.8320369	7.327456	45
AACCA	460	1.8136553	7.313072	14
CATCA	495	1.8029175	5.7906427	23
GCAGA	330	1.7957603	7.2095695	37
CCAAC	330	1.7893324	5.7470098	5
CTGGA	355	1.7845821	5.3281083	34
AATGG	485	1.772841	5.8114457	22
AGTGG	350	1.7626046	6.672088	45
TACCG	350	1.7562952	5.318564	35
CACCC	235	1.752367	7.9035482	25
GCCTT	375	1.7383393	7.369863	16
GACAA	440	1.7379141	6.279597	9
CTTCC	370	1.7120888	7.3566604	4
CCAAG	315	1.7110642	7.1966543	12
CAGTG	340	1.709177	5.3281083	1
CCAGT	340	1.7061154	5.318564	52
GCCAA	310	1.6839046	5.7573237	49
GTACC	335	1.6810256	9.316804	31
GAAAG	420	1.6618952	5.2423887	19
GTCAA	455	1.6602014	7.7347145	10
GGCAA	305	1.6597177	5.767655	21
GAAAC	420	1.6589181	6.2795973	4
ACCGA	305	1.6567447	5.7573233	36
GGAAC	300	1.6325094	5.7676554	26
TTGAA	665	1.6299136	5.8509293	30
ACCGT	320	1.6057557	5.318564	27
GCGGC	155	1.5981044	5.4639707	5
AAACC	405	1.5968052	5.2236233	13
TCTCT	510	1.5852154	5.765289	15
ATACC	435	1.5843823	5.7906437	46
GGTGT	340	1.581756	7.3963375	25
GGAGA	290	1.5809244	5.778006	23
TTACC	465	1.5645784	5.3493443	40
TGTTG	500	1.5597159	6.6125712	23
ATGGA	425	1.5535204	6.78002	10
CCATC	310	1.5527892	7.9715257	32
CAACT	425	1.5479594	6.75575	1
TTCCA	460	1.5477551	6.2409015	5
TGGAC	305	1.5332325	5.3281083	38
TGACC	305	1.530486	5.318564	38
AGCAC	280	1.5209461	7.2038584	33
ACCCA	280	1.5182214	7.1837626	44
TGGTC	325	1.5092641	6.152573	26
AGCGT	300	1.5080975	5.3281083	7
ACCGG	200	1.4967338	5.9489555	6
AGCCA	275	1.4937863	5.7573237	53
TGATG	440	1.4857798	5.3685613	44
GTGGA	295	1.4856238	5.3376703	5
CAAGA	375	1.4811767	5.232997	12
TTCTC	470	1.4608848	5.765289	14
CAAAC	370	1.4588097	7.313072	14
ATGGC	290	1.4578276	5.3281083	14
ACTGG	290	1.4578276	5.3281083	3
GCATC	290	1.4552162	5.318564	19
CCTGG	210	1.4518028	9.15932	42
TGGGT	310	1.4421895	6.163615	6
GCAAC	265	1.4394668	5.7573237	28
CAACC	265	1.4368881	5.7470098	23
TGGGA	285	1.4352638	6.672088	12
CATCG	285	1.4301261	5.3238873	31
GCGGA	190	1.424449	5.959632	5
TGGCC	205	1.4172362	5.4955926	35
CGGAA	260	1.4148417	5.767656	8
AACAG	355	1.4021806	5.232997	15
ACAAC	355	1.3996687	5.2236233	26
GGAGC	185	1.3869634	7.946175	52
CTGGG	200	1.3851507	7.3406053	11
GGCCT	200	1.3826692	5.495591	4
TGAGC	275	1.3824229	5.328109	4
GACCT	275	1.3799464	5.318564	34
AGCCT	275	1.3799464	6.648205	15
GACAG	250	1.3604246	5.767656	47
GGTAG	270	1.3597236	5.3430133	30
GGTCA	270	1.3572878	5.3281083	8
ACCTG	270	1.3548564	6.648205	41
CATCT	400	1.345874	7.1395984	33
GTAGC	265	1.332153	5.328109	10
GTGGC	190	1.3158932	5.5054545	34
GTCCA	260	1.3046765	6.648205	45
GAACA	330	1.3034356	6.285883	32
CTTGC	280	1.2979599	6.1415524	52
CAATT	525	1.2844688	5.186318	27
AGATG	350	1.2793698	5.8114457	52
AAGCC	235	1.2765082	5.7573233	52
GGTAC	250	1.256748	6.6668024	30
CATCC	250	1.2522494	9.290813	18
TGGTA	370	1.2494057	5.373935	29
TGGCG	180	1.2466357	5.5054545	9
AAGAC	315	1.2441883	5.232997	12
TCAAG	340	1.2405899	5.801035	44
CGGAG	165	1.2370214	5.959632	47
GGACC	165	1.2348053	5.9549103	33
AGGTG	245	1.2338232	5.3376703	24
GGAGT	245	1.2338231	5.33767	36
TGACA	335	1.2223461	7.7347145	37
GACGG	160	1.1995358	5.959631	35
CCGGC	115	1.1835661	5.4541817	6
GCTGG	170	1.177378	5.505454	49
AACCG	215	1.1678692	5.7573233	8
GGCCA	155	1.1599687	5.9489555	43
GGATC	230	1.1562082	5.3281083	44
AACGG	210	1.1427566	5.7676554	17
CAACG	210	1.1407095	5.7573233	16
GGCGG	110	1.1361737	5.4737754	12
CTCTC	245	1.1336805	6.1305504	7
CGGCC	110	1.132107	8.181274	34
GGGCA	150	1.1245649	5.959631	38
CCATG	220	1.103957	5.3238873	31
GAGAA	275	1.0881456	6.2908664	20
GAGCG	145	1.0870794	5.959631	39
GGTGA	215	1.0827428	5.3376703	8
CATTG	320	1.0786314	7.145259	20
TGGGG	155	1.0754184	5.5153346	19
GCCAT	210	1.0537772	6.65486	31
GGGAG	140	1.0514774	5.9703264	40
GGCAC	140	1.0477136	5.9489555	7
GCGGT	150	1.0388631	5.5054545	39
GACGA	190	1.0339226	5.7676554	45
TGTAG	305	1.0299156	5.3685613	9
ACAAG	255	1.0072001	5.232997	34
AAGGC	185	1.0067141	5.7676554	26
GTGGG	145	1.0060365	7.3537793	11
CGGCG	95	0.97948337	5.46944	29
TCCCA	195	0.9767544	5.309036	28
GCCCA	130	0.9711343	5.938299	42
GAGTG	190	0.9568425	5.3376703	37
CTTAC	280	0.9421118	6.2409015	7
CCCAC	125	0.93211013	5.9276614	35
GTCAG	185	0.92999357	5.328109	10
ATCAC	255	0.92877567	5.7906427	37
CAGTC	185	0.9283275	5.318564	8
GCCGG	90	0.9279316	8.195956	5
AGGCA	170	0.92508864	7.2095695	13
AGCTG	180	0.9048586	5.328109	24
GGGTC	130	0.90034777	5.5054536	7
TCGGC	130	0.8987351	5.5010934	33
CGTAG	175	0.87972355	5.3281083	46
CCGGT	125	0.8641682	5.495591	39
AGGCC	115	0.860622	5.948956	47
ACAGG	155	0.8434632	5.7676554	44
ATGGG	165	0.83094215	5.3376703	41
CCACG	110	0.821729	5.9382987	36
CCCCA	110	0.8202569	5.9276614	34
AGCGA	150	0.8162547	5.7676554	38
CGGTG	115	0.79646164	5.5054545	5
GGCGA	105	0.7871954	5.959631	52
AGCCC	105	0.7843777	5.938299	49
GACTG	155	0.7791838	5.328109	5
GCGCC	75	0.7718911	5.4596424	33
CCGTC	110	0.7591058	5.4857473	37
ACTGC	150	0.75269794	5.318564	16
TGAGA	205	0.7493452	5.8114467	19
CCGAC	100	0.7470263	5.9382987	51
GGGAT	145	0.73022187	5.33767	43
CTGAG	145	0.7289138	6.6601357	10
GCCTC	105	0.7246011	5.485748	19
GGGGC	70	0.72301966	5.4737754	20
CCGCC	70	0.71914107	5.4444118	28
GCCTG	100	0.69133466	5.495592	19
CGCTG	100	0.69133466	5.495592	8
GTCCC	100	0.69009626	5.485748	17
GCAGG	90	0.67473894	7.946175	28
GCCGC	65	0.6689723	5.4541826	13
GGCCC	65	0.6689722	5.4541817	7
TGCCG	95	0.65676796	5.5010934	31
TGCCC	85	0.5865818	5.485748	6
TCCGC	85	0.58658177	5.4857473	45
CCCTC	85	0.58553094	5.4759197	23
CTCCC	85	0.58553094	5.4759197	10
CCGCA	75	0.5602698	5.9382987	14
CCCTG	80	0.55207694	5.4857473	48
GCTCA	105	0.52688855	5.318564	48
CGCCC	50	0.51367223	5.444412	38
ACCCG	65	0.48556712	5.9382987	35
GCGCG	45	0.4639658	5.4639707	3
GGGCC	45	0.4639657	5.4639697	6
GGGGG	40	0.41389555	5.4835987	20
GCCCC	40	0.4109378	5.444412	50
>>END_MODULE
