##FastQC	0.10.1
>>Basic Statistics	pass
#Measure	Value	
Filename	Trimmed_Partial_SRR2467151.fastq	
File type	Conventional base calls	
Encoding	Sanger / Illumina 1.9	
Total Sequences	5000	
Filtered Sequences	0	
Sequence length	57	
%GC	41	
>>END_MODULE
>>Per base sequence quality	pass
#Base	Mean	Median	Lower Quartile	Upper Quartile	10th Percentile	90th Percentile
1	39.128	40.0	38.0	41.0	36.0	41.0
2	39.1992	41.0	39.0	41.0	36.0	41.0
3	39.2086	41.0	39.0	41.0	36.0	41.0
4	39.073	40.0	38.0	41.0	36.0	41.0
5	38.8064	40.0	38.0	41.0	34.0	41.0
6	39.1986	41.0	39.0	41.0	36.0	41.0
7	39.3028	41.0	39.0	41.0	36.0	41.0
8	38.968	40.0	39.0	41.0	35.0	41.0
9	39.251	41.0	39.0	41.0	36.0	41.0
10	39.3968	41.0	39.0	41.0	36.0	41.0
11	39.3664	41.0	39.0	41.0	36.0	41.0
12	39.3094	41.0	39.0	41.0	36.0	41.0
13	39.1192	40.0	39.0	41.0	36.0	41.0
14	38.7816	40.0	38.0	41.0	35.0	41.0
15	38.267	40.0	38.0	41.0	33.0	41.0
16	38.5612	40.0	38.0	41.0	34.0	41.0
17	38.9428	40.0	39.0	41.0	35.0	41.0
18	38.7436	40.0	38.0	41.0	35.0	41.0
19	38.6052	40.0	38.0	41.0	34.0	41.0
20	38.8712	40.0	38.0	41.0	35.0	41.0
21	38.9656	40.0	38.0	41.0	35.0	41.0
22	38.6278	40.0	38.0	41.0	34.0	41.0
23	38.7932	40.0	38.0	41.0	35.0	41.0
24	38.6274	40.0	38.0	41.0	34.0	41.0
25	38.7086	40.0	38.0	41.0	35.0	41.0
26	38.6738	40.0	38.0	41.0	34.0	41.0
27	38.1252	40.0	38.0	41.0	33.0	41.0
28	38.5156	40.0	38.0	41.0	34.0	41.0
29	38.4222	40.0	38.0	41.0	34.0	41.0
30	37.8534	40.0	37.0	41.0	33.0	41.0
31	38.404	40.0	38.0	41.0	34.0	41.0
32	38.2942	40.0	38.0	41.0	33.0	41.0
33	38.6568	40.0	38.0	41.0	35.0	41.0
34	38.605	40.0	38.0	41.0	35.0	41.0
35	38.6246	40.0	38.0	41.0	34.0	41.0
36	38.6838	40.0	38.0	41.0	35.0	41.0
37	38.3988	40.0	38.0	41.0	34.0	41.0
38	38.338	40.0	38.0	41.0	33.0	41.0
39	38.3438	40.0	38.0	41.0	34.0	41.0
40	38.3968	40.0	38.0	41.0	34.0	41.0
41	37.9848	40.0	37.0	41.0	33.0	41.0
42	37.466	40.0	37.0	41.0	32.0	41.0
43	37.6744	40.0	37.0	41.0	33.0	41.0
44	37.797	40.0	37.0	41.0	33.0	41.0
45	37.7166	40.0	37.0	41.0	32.0	41.0
46	37.6988	39.0	37.0	41.0	33.0	41.0
47	37.609	39.0	37.0	41.0	32.0	41.0
48	37.432	39.0	36.0	41.0	32.0	41.0
49	37.3724	39.0	36.0	41.0	32.0	41.0
50	37.077	39.0	36.0	41.0	32.0	41.0
51	36.8798	39.0	35.0	40.0	31.0	41.0
52	36.4176	38.0	35.0	40.0	31.0	41.0
53	36.3898	38.0	35.0	40.0	31.0	41.0
54	35.9276	37.0	35.0	40.0	30.0	41.0
55	35.9274	37.0	35.0	40.0	31.0	41.0
56	35.5792	37.0	35.0	39.0	29.0	41.0
57	35.6226	37.0	35.0	39.0	30.0	41.0
>>END_MODULE
>>Per sequence quality scores	pass
#Quality	Count
2	1.0
3	0.0
4	0.0
5	1.0
6	0.0
7	0.0
8	0.0
9	2.0
10	1.0
11	1.0
12	2.0
13	1.0
14	0.0
15	0.0
16	1.0
17	0.0
18	2.0
19	1.0
20	2.0
21	3.0
22	4.0
23	7.0
24	5.0
25	12.0
26	13.0
27	23.0
28	32.0
29	45.0
30	43.0
31	85.0
32	94.0
33	128.0
34	157.0
35	175.0
36	254.0
37	361.0
38	649.0
39	1073.0
40	1822.0
>>END_MODULE
>>Per base sequence content	warn
#Base	G	A	T	C
1	19.88	28.360000000000003	31.94	19.82
2	20.24	27.16	31.16	21.44
3	21.4	28.060000000000002	31.16	19.38
4	21.7	26.5	32.0	19.8
5	19.8	27.52	30.18	22.5
6	21.52	29.04	29.42	20.02
7	21.2	28.02	31.4	19.38
8	19.7	27.900000000000002	30.94	21.46
9	19.8	27.839999999999996	31.64	20.72
10	20.62	27.639999999999997	31.4	20.34
11	19.20384076815363	27.365473094618924	31.84636927385477	21.584316863372674
12	20.26	27.48	30.86	21.4
13	19.7	28.82	31.759999999999998	19.72
14	21.34	26.32	30.86	21.48
15	20.48	28.52	30.14	20.86
16	20.979999999999997	27.139999999999997	30.620000000000005	21.26
17	19.580000000000002	26.68	31.78	21.959999999999997
18	20.86	28.08	31.22	19.84
19	20.64	27.939999999999998	31.319999999999997	20.1
20	20.119999999999997	27.439999999999998	30.04	22.400000000000002
21	19.74	29.32	29.38	21.560000000000002
22	20.084016803360672	27.765553110622125	30.98619723944789	21.164232846569313
23	21.04	27.96	29.24	21.759999999999998
24	20.64	27.96	31.619999999999997	19.78
25	20.880000000000003	26.5	32.58	20.04
26	20.74	26.479999999999997	30.459999999999997	22.32
27	22.32	27.900000000000002	29.86	19.919999999999998
28	20.34	28.48	30.759999999999998	20.419999999999998
29	20.68	28.24	30.64	20.44
30	21.66	27.48	29.880000000000003	20.979999999999997
31	21.0	27.68	30.12	21.2
32	19.36	28.08	30.72	21.84
33	20.328131252501	28.991596638655466	29.65186074429772	21.028411364545818
34	21.42	28.360000000000003	30.54	19.68
35	19.2	28.1	30.959999999999997	21.740000000000002
36	20.68	28.62	29.86	20.84
37	21.18	27.779999999999998	30.240000000000002	20.8
38	19.8	27.88	30.580000000000002	21.740000000000002
39	21.060000000000002	28.299999999999997	30.099999999999998	20.54
40	20.7	27.12	31.480000000000004	20.7
41	20.560000000000002	27.639999999999997	30.080000000000002	21.72
42	20.4	28.7	30.2	20.7
43	20.78	28.16	31.540000000000003	19.52
44	19.08	27.800000000000004	30.680000000000003	22.439999999999998
45	20.7	29.2	29.959999999999997	20.14
46	20.86	27.24	30.56	21.34
47	19.46	27.96	30.42	22.16
48	19.68	29.12	30.56	20.64
49	21.2	28.22	31.080000000000002	19.5
50	20.919999999999998	27.72	30.680000000000003	20.68
51	20.66	28.48	29.86	21.0
52	20.4	27.82	30.78	21.0
53	19.3	28.299999999999997	30.12	22.28
54	20.54	28.299999999999997	30.34	20.82
55	20.200000000000003	27.1	32.16	20.54
56	19.88	26.56	31.6	21.959999999999997
57	21.3	28.38	29.38	20.94
>>END_MODULE
>>Per base GC content	pass
#Base	%GC
1	39.7
2	41.68
3	40.78
4	41.5
5	42.3
6	41.54
7	40.58
8	41.160000000000004
9	40.52
10	40.96
11	40.7881576315263
12	41.660000000000004
13	39.42
14	42.82
15	41.339999999999996
16	42.24
17	41.54
18	40.699999999999996
19	40.739999999999995
20	42.52
21	41.3
22	41.24824964992999
23	42.8
24	40.42
25	40.92
26	43.059999999999995
27	42.24
28	40.760000000000005
29	41.120000000000005
30	42.64
31	42.199999999999996
32	41.199999999999996
33	41.35654261704682
34	41.099999999999994
35	40.94
36	41.52
37	41.980000000000004
38	41.54
39	41.6
40	41.4
41	42.28
42	41.099999999999994
43	40.300000000000004
44	41.52
45	40.839999999999996
46	42.199999999999996
47	41.620000000000005
48	40.32
49	40.699999999999996
50	41.6
51	41.660000000000004
52	41.4
53	41.58
54	41.36
55	40.739999999999995
56	41.839999999999996
57	42.24
>>END_MODULE
>>Per sequence GC content	pass
#GC Content	Count
0	0.0
1	0.0
2	0.0
3	0.0
4	0.0
5	0.0
6	0.0
7	0.0
8	0.0
9	0.0
10	0.0
11	0.5
12	1.0
13	2.0
14	3.0
15	5.5
16	8.0
17	7.5
18	8.0
19	9.0
20	10.5
21	12.0
22	21.5
23	31.0
24	33.5
25	47.5
26	59.0
27	66.0
28	73.0
29	102.5
30	132.0
31	154.0
32	191.0
33	206.0
34	246.0
35	286.0
36	345.5
37	405.0
38	411.5
39	449.5
40	481.0
41	495.0
42	509.0
43	507.0
44	505.0
45	482.5
46	412.5
47	365.0
48	330.5
49	296.0
50	262.5
51	229.0
52	174.0
53	119.0
54	98.0
55	59.5
56	42.0
57	32.5
58	23.0
59	19.0
60	15.0
61	12.0
62	5.5
63	2.0
64	2.0
65	2.0
66	2.5
67	3.0
68	2.0
69	0.5
70	0.0
71	0.0
72	0.0
73	0.0
74	0.0
75	0.0
76	0.0
77	0.0
78	0.0
79	0.0
80	0.0
81	0.0
82	0.0
83	0.0
84	0.0
85	0.0
86	0.0
87	0.0
88	0.0
89	0.0
90	0.0
91	0.0
92	0.0
93	0.0
94	0.0
95	0.0
96	0.0
97	0.0
98	0.0
99	0.0
100	0.0
>>END_MODULE
>>Per base N content	pass
#Base	N-Count
1	0.0
2	0.0
3	0.0
4	0.0
5	0.0
6	0.0
7	0.0
8	0.0
9	0.0
10	0.0
11	0.02
12	0.0
13	0.0
14	0.0
15	0.0
16	0.0
17	0.0
18	0.0
19	0.0
20	0.0
21	0.0
22	0.02
23	0.0
24	0.0
25	0.0
26	0.0
27	0.0
28	0.0
29	0.0
30	0.0
31	0.0
32	0.0
33	0.04
34	0.0
35	0.0
36	0.0
37	0.0
38	0.0
39	0.0
40	0.0
41	0.0
42	0.0
43	0.0
44	0.0
45	0.0
46	0.0
47	0.0
48	0.0
49	0.0
50	0.0
51	0.0
52	0.0
53	0.0
54	0.0
55	0.0
56	0.0
57	0.0
>>END_MODULE
>>Sequence Length Distribution	pass
#Length	Count
57	5000.0
>>END_MODULE
>>Sequence Duplication Levels	pass
#Total Duplicate Percentage	4.36
#Duplication Level	Relative count
1	100.0
2	2.028439983270598
3	0.1672940192388122
4	0.0
5	0.0
6	0.0
7	0.0
8	0.0
9	0.0
10++	0.0
>>END_MODULE
>>Overrepresented sequences	pass
>>END_MODULE
>>Kmer Content	warn
#Sequence	Count	Obs/Exp Overall	Obs/Exp Max	Max Obs/Exp Position
GCAGC	455	3.2570593	9.484842	4
CAGCA	570	2.97438	8.296954	29
TCTTC	970	2.9350972	7.216708	12
CCTTG	630	2.8223445	7.12306	19
AGCAG	515	2.782319	8.590073	51
CACCA	550	2.7720823	8.013838	11
TCTTG	875	2.7411764	5.8112936	2
CTTCA	820	2.6778772	6.923292	19
GGTGG	375	2.666096	5.652124	4
TGGAG	510	2.643151	5.493608	4
CTTCT	870	2.63251	6.4148517	13
TTCTT	1240	2.623807	5.0465965	3
ACCAG	495	2.5830142	6.914129	16
CTTGG	555	2.57419	7.3747063	19
TGGCA	495	2.4778721	7.9592257	3
CAACA	650	2.472534	7.0562315	37
CAAAG	620	2.4417362	6.261872	7
CCAAA	640	2.434495	5.0401654	5
GGCAA	445	2.40414	5.7267156	3
CTTGA	710	2.4005642	7.167882	21
TGGAA	625	2.3612347	8.009308	38
CTTGT	745	2.3339157	5.8112936	13
GCACC	335	2.316226	9.161193	6
TTCAA	935	2.3044848	6.531428	20
ACCAA	605	2.3013585	5.0401654	27
TCTGG	490	2.2727082	6.1455884	1
CCACC	340	2.2705803	7.078868	16
ACCGG	315	2.254887	9.484842	21
TTCAG	650	2.1976995	7.167882	39
AACCA	570	2.1682224	7.056232	26
CCTTC	500	2.163522	6.8800006	49
TTGGA	615	2.1528225	7.421111	1
CACCG	310	2.1433733	9.161191	44
TACCG	440	2.1273954	5.1250887	12
CTCTT	700	2.1181114	7.216708	14
AATGG	560	2.1156664	7.008145	6
CCAGC	305	2.1088028	7.3289537	13
CAATG	575	2.0982094	5.8020053	5
TCAAC	595	2.097103	6.538028	21
CTGGC	315	2.0892904	5.2729707	17
TCAGC	430	2.0790453	6.40636	25
GTGGA	390	2.0212333	6.86701	3
ACCAC	400	2.0160599	6.678198	15
GGAAG	360	2.0136333	5.9290314	16
TCCAA	570	2.0089896	5.604024	3
GCTTC	445	1.9935607	5.935883	30
GAAGA	485	1.9775478	6.4830947	17
AGAAG	480	1.9571606	6.483094	35
CTGGA	390	1.9522629	6.632688	37
AACAA	680	1.9521958	5.3254747	7
GATGG	375	1.9434935	5.493608	1
TCCTT	640	1.936559	5.6129956	12
CAGCT	400	1.9339958	6.406361	21
TTGAC	570	1.9272137	5.375912	6
TCATC	585	1.9104369	5.192469	22
CAGCG	265	1.8969686	5.6909056	14
ATGGC	375	1.8771757	6.6326876	7
GACAA	475	1.8706851	5.2182264	10
TTTGG	575	1.8649832	5.157084	18
GACAG	345	1.8638836	5.726715	19
GCTGG	270	1.8540871	7.279009	38
TGGTG	385	1.8487853	6.362703	19
ACCTT	560	1.8287944	5.1924696	23
ACACC	360	1.8144538	6.678198	19
ACCCA	360	1.8144538	5.3425584	17
CACCC	270	1.8031079	7.078868	42
CTTCC	415	1.7957233	6.8800006	19
AGCAA	455	1.7919194	5.2182264	18
CCAAC	355	1.7892531	8.013838	16
GAAGC	330	1.7828454	5.7267156	36
CAAAA	620	1.779943	5.3254743	10
GGAGC	240	1.7787038	7.855942	43
ACCGA	340	1.7741915	6.914129	33
AAACC	465	1.768813	5.040166	10
TACCA	500	1.7622716	6.538028	35
AAGCA	445	1.7525365	5.218227	5
GGCTT	375	1.7393178	7.374707	53
AAGAA	585	1.7387952	5.513615	34
CAGCC	250	1.728527	7.3289537	47
GCGGC	175	1.7184819	7.806818	2
AACAG	435	1.7131537	5.218227	19
GGTAG	330	1.7102742	5.4936085	23
AGCGG	230	1.7045912	7.855942	1
TGTTG	525	1.7028108	5.157084	45
GCAAA	430	1.6934623	5.2182264	39
CAGAA	430	1.6934623	5.2182264	26
ACCGT	350	1.6922463	5.125089	22
CTGGG	245	1.6824124	7.279009	20
AGCGT	335	1.6769438	5.3061504	5
CCAAG	320	1.6698273	5.531303	19
TGGCT	360	1.669745	6.145589	52
GTCCA	345	1.6680714	5.1250887	9
ACAAC	435	1.6546957	8.064264	13
AAAGC	420	1.6540794	7.305517	8
ACTTC	505	1.6491805	5.192469	12
GGACA	305	1.6477814	5.7267156	3
CATCG	340	1.6438965	6.4063606	12
AGCCA	315	1.6437362	5.531303	2
TTGAG	465	1.627744	5.565834	18
TGGTC	350	1.623363	6.1455884	38
CCAAT	460	1.6212898	6.538028	4
GAACC	310	1.6176454	5.5313034	4
AGTGG	310	1.6066213	6.8670096	47
GTTGG	330	1.5846733	6.3627033	26
GAGGA	280	1.5661591	8.893547	30
GCCAA	300	1.5654631	5.531303	49
CAACC	310	1.5624464	6.678198	25
GTGGT	325	1.5606631	6.3627033	37
CAAGA	395	1.5556223	5.2182264	33
AGCCT	320	1.5471966	6.406361	33
CACCT	330	1.5411017	6.187757	9
CAGAG	285	1.53973	5.726715	18
AGCAC	295	1.5393721	5.531303	40
GAGCA	280	1.5127174	5.7267156	20
TGTGG	315	1.5126426	6.3627033	48
GCTTG	325	1.5074085	6.1455884	29
AGAAA	505	1.5010113	6.301275	27
GAAAC	380	1.496548	5.2182264	28
TGGGG	210	1.4930137	5.652124	9
CCAGA	285	1.48719	5.531303	17
CCCAA	295	1.4868443	6.6781983	18
GGAAC	275	1.4857044	5.726715	3
TTCCA	450	1.4695668	6.057881	41
AACCG	280	1.461099	5.5313034	53
AAGTC	400	1.459624	5.8020062	7
CCTGG	220	1.4591867	5.27297	11
GGAAA	355	1.4474833	5.4025784	19
ACAGT	395	1.4413787	8.703008	20
TGACA	390	1.4231334	5.8020053	49
TGGGT	295	1.4166019	6.3627033	20
GGCAG	190	1.4081405	5.8919563	43
GGAAT	370	1.3978511	5.005818	20
CGGCA	195	1.3958825	5.6909056	47
GTGGG	195	1.38637	7.536165	48
CAACG	265	1.3828257	5.531303	25
CCAGT	285	1.377972	5.125089	28
GTCAG	275	1.3765955	5.30615	15
CTTCG	305	1.3663732	7.12306	13
TGGAT	390	1.3652045	5.5658336	32
AATCT	550	1.3555796	5.225143	40
AGCAT	370	1.3501523	5.8020053	45
GAAGG	240	1.3424222	5.929032	24
GTTTG	410	1.3298141	5.157084	4
GCCAG	185	1.3242989	7.587874	33
AAGCC	250	1.3045527	6.9141293	8
CATGG	260	1.3015084	5.30615	44
TGGCC	195	1.2933701	7.0306273	25
CGACG	180	1.288507	7.587874	36
AGAGG	230	1.286488	5.929032	42
GGAGA	230	1.2864879	5.9290314	51
GTACC	265	1.2812723	5.1250887	21
CGACA	245	1.2784616	6.914129	41
GTAGC	255	1.2764795	5.30615	47
CTGGT	275	1.2754996	6.145589	25
GGCGG	125	1.2708524	5.3884144	33
CTTAG	375	1.2679036	5.375911	53
GATCA	345	1.2589257	5.8020053	33
GGCAT	250	1.2514505	5.3061504	30
GCAGT	250	1.2514505	6.632688	45
TGACG	250	1.2514505	5.3061504	53
AGGAA	305	1.2436124	5.4025784	19
GCAGA	230	1.2425892	5.7267156	46
GGTGA	235	1.2179226	5.4936085	1
ACCCT	260	1.2142013	6.187757	45
CCCAG	175	1.2099688	7.3289537	47
CCGGT	180	1.1938802	5.2729707	21
GACGA	220	1.1885636	5.7267156	28
CCGGC	125	1.1856017	7.5404267	22
GGTGT	245	1.1764998	5.0901628	47
TTGGG	240	1.1524897	6.3627033	19
CGAAG	210	1.1345379	5.726715	49
GGATC	225	1.1263055	6.632688	48
ACTGG	225	1.1263053	6.6326876	24
TGAGC	225	1.1263053	5.30615	3
CTCTC	260	1.1250315	5.7333336	52
AAGGA	275	1.12129	5.402579	18
GTGAA	290	1.0956129	5.0058174	21
TGCCA	225	1.0878726	5.1250887	32
CGGCG	110	1.0801888	5.2045455	12
GGTCA	215	1.0762475	5.3061504	33
GGGCA	145	1.0746337	5.891957	29
GGCAC	150	1.0737557	5.6909056	22
GCTGC	160	1.0612268	5.2729707	19
AGGCA	195	1.0534996	5.7267156	46
TCAGG	210	1.0512184	5.30615	16
CTACC	225	1.0507512	6.187757	52
GAAGT	275	1.0389434	5.005818	32
TGAAG	275	1.0389432	5.0058174	32
GACGG	140	1.0375773	5.8919563	37
AACCC	205	1.0332308	5.342559	44
CGTCG	155	1.0280635	5.2729707	45
GTGAC	205	1.0261893	5.30615	1
GACAC	195	1.0175511	6.914129	42
GCCAT	210	1.0153478	6.406361	18
GGACC	140	1.0021721	5.6909056	4
CCCCA	150	1.0017267	5.3091516	40
TGGCG	145	0.9957134	5.4592566	42
GGGTC	145	0.9957134	5.4592566	6
CGGCT	150	0.99490017	5.2729707	5
CCGTC	155	0.9929828	6.790721	19
TAGCC	205	0.99117285	5.1250887	52
GTCAC	205	0.9911728	5.125088	37
CCGAC	140	0.9679751	7.3289537	46
GACCT	200	0.9669979	5.125089	47
CTAGC	195	0.9428229	5.125088	43
GTAAG	245	0.925604	5.0058174	25
GGGGA	120	0.9207714	6.1001105	29
CAAGG	170	0.91843545	5.726715	17
GGTCC	135	0.8954101	5.2729707	7
GCGAA	165	0.8914226	5.726715	14
CACGA	165	0.8610047	6.914129	39
GAGCC	120	0.8590046	5.6909056	44
GGGTG	115	0.8176028	5.652124	37
GGGGC	80	0.81334555	8.082622	10
GAGTC	160	0.80092835	5.3061504	20
TCGGC	120	0.79592013	5.2729707	13
AGCCC	115	0.7951224	5.4967155	14
CCACG	115	0.7951223	5.496715	11
GGGTA	150	0.77739745	5.493609	42
TGCCG	115	0.7627567	5.27297	6
GCGGT	110	0.75536877	5.4592557	20
TGCAC	155	0.7494233	5.125088	5
CCGAA	140	0.73054945	6.914129	48
GCCTG	110	0.72959334	5.27297	19
GACCG	100	0.7158372	5.6909056	24
GGCCC	75	0.71136105	5.026952	16
GCCGG	70	0.68739283	5.2045455	30
GAGGC	90	0.66701394	7.855942	45
CGGCC	65	0.6165129	5.0269513	42
GGGCG	60	0.6100092	8.082622	20
CCGGG	55	0.5400944	5.2045455	43
CCGAG	65	0.46529418	5.6909056	35
CGCGA	55	0.39371046	5.6909056	24
GCCGA	55	0.39371046	5.6909056	3
CGGGC	40	0.39279586	5.2045455	25
CCCGG	35	0.3319685	5.026952	42
CGCGC	20	0.18969627	5.0269513	8
>>END_MODULE
